1 0.613445 0.963819 0.063725 0.072129
1 0.681373 0.783613 0.043067 0.075864
1 0.784139 0.679739 0.043592 0.071662
1 0.84944 0.512138 0.060749 0.071662
1 0.922094 0.461485 0.055672 0.059991
1 0.720938 0.18394 0.051296 0.055789
1 0.744573 0.117414 0.039216 0.07423
1 0.792192 0.081232 0.043768 0.055789
1 0.778011 0.039449 0.054272 0.039683
1 0.625525 0.027778 0.032388 0.04972
1 0.577731 0.03338 0.064426 0.066993
1 0.425595 0.13282 0.053046 0.070028
1 0.278711 0.077731 0.039741 0.05042
1 0.253151 0.087068 0.040441 0.062325
1 0.03869 0.017274 0.039741 0.035014
1 0.321954 0.294585 0.051821 0.059757
1 0.357668 0.326331 0.034839 0.047386
1 0.500175 0.289216 0.034139 0.053922
1 0.419468 0.412698 0.052521 0.071662
1 0.489671 0.438375 0.051296 0.062325
1 0.427171 0.649627 0.060049 0.0845
1 0.584734 0.628618 0.04937 0.069094
1 0.131478 0.711485 0.06355 0.094538