2 0.19007 0.224476 0.081458 0.144634
2 0.280838 0.215969 0.101629 0.152487
2 0.255237 0.291885 0.114042 0.138743
2 0.35609 0.181937 0.117145 0.118455
2 0.257564 0.483639 0.159038 0.157723
2 0.467029 0.225131 0.10706 0.109293
2 0.415826 0.26767 0.138092 0.109293
2 0.40962 0.33966 0.116369 0.14856
2 0.579519 0.238874 0.144298 0.091623
2 0.603569 0.298429 0.117921 0.111911
2 0.506594 0.366492 0.141195 0.120419
2 0.61986 0.361257 0.17533 0.107984
2 0.523662 0.466623 0.155159 0.157068
2 0.806051 0.551047 0.181536 0.062827
2 0.788984 0.609293 0.200155 0.084424
2 0.817688 0.436518 0.205586 0.090314