1 0.434174 0.701681 0.11327 0.123249
1 0.47444 0.621382 0.072654 0.092437
1 0.585084 0.509104 0.07458 0.098506
1 0.33806 0.566993 0.101716 0.123483
1 0.446779 0.395425 0.061275 0.080065
1 0.47409 0.240663 0.058648 0.066527
1 0.359594 0.235761 0.064601 0.065126
1 0.329832 0.162932 0.042892 0.051354
1 0.371324 0.060458 0.063901 0.074463
1 0.342612 0.082866 0.03694 0.051354
1 0.30112 0.059757 0.048319 0.041317
1 0.211134 0.038049 0.052521 0.067227
1 0.215861 0.098039 0.054097 0.045518
1 0.158613 0.272876 0.05042 0.046919
1 0.132878 0.225257 0.034664 0.062792
1 0.109069 0.136321 0.046569 0.03408
1 0.205532 0.154295 0.034839 0.051354
1 0.726891 0.287582 0.03869 0.04085
1 0.887605 0.191176 0.044468 0.037582