2 0.185185 0.929688 0.364815 0.135417
2 0.310185 0.8 0.262963 0.138021
2 0.208333 0.728125 0.256481 0.139063
2 0.358333 0.638542 0.210185 0.100521
2 0.435185 0.672396 0.150926 0.113542
2 0.572222 0.567708 0.141667 0.082292
2 0.726852 0.467187 0.098148 0.064062
2 0.880556 0.444271 0.110185 0.050521
2 0.959259 0.476042 0.080556 0.056771
2 0.880556 0.494271 0.101852 0.051042
2 0.958333 0.524479 0.081481 0.055208
2 0.965741 0.589583 0.067593 0.069792
2 0.875 0.560417 0.17963 0.076563
2 0.889815 0.628125 0.127778 0.082812
2 0.781481 0.604167 0.142593 0.085938
2 0.736111 0.54375 0.128704 0.067708
2 0.606481 0.642708 0.174074 0.088021
2 0.688889 0.613542 0.097222 0.079167
2 0.84537 0.759375 0.301852 0.150521
2 0.565741 0.809896 0.212037 0.164062
2 0.649074 0.929688 0.286111 0.140104