2 0.117054 0.055786 0.078295 0.057169
2 0.186822 0.045182 0.079845 0.041494
2 0.182946 0.080682 0.091473 0.083449
2 0.096899 0.072845 0.082171 0.054403
2 0.135659 0.11941 0.10155 0.054864
2 0.251938 0.129553 0.106977 0.10604
2 0.25814 0.072845 0.077519 0.071923
2 0.284496 0.056247 0.064341 0.072384
2 0.357364 0.029968 0.072868 0.060396
2 0.36124 0.094053 0.09845 0.103273
2 0.06124 0.1503 0.089922 0.095897
2 0.155039 0.181189 0.092248 0.082988
2 0.165891 0.238359 0.108527 0.080682
2 0.067442 0.233287 0.111628 0.08391
2 0.086822 0.30982 0.105426 0.094975
2 0.193023 0.282619 0.092248 0.071
2 0.248062 0.201014 0.095349 0.085754
2 0.334884 0.17243 0.088372 0.047948
2 0.406202 0.195021 0.078295 0.082065
2 0.337209 0.218073 0.100775 0.091747
2 0.453488 0.231443 0.093798 0.093592
2 0.28062 0.277086 0.1 0.089442
2 0.37907 0.284463 0.099225 0.088059
2 0.437984 0.311664 0.103101 0.078377
2 0.362016 0.360996 0.114729 0.096358
2 0.262791 0.362379 0.108527 0.071462
2 0.171318 0.351314 0.094574 0.062241
2 0.115504 0.454126 0.127132 0.068695
2 0.036434 0.384509 0.073643 0.075611
2 0.231783 0.406639 0.124031 0.078838
2 0.493798 0.051637 0.114729 0.101429
2 0.587597 0.109267 0.093798 0.091286
2 0.706202 0.051176 0.096899 0.101429
2 0.710078 0.137391 0.086822 0.111572
2 0.850388 0.132319 0.106202 0.088981
2 0.942636 0.041494 0.063566 0.082527
2 0.821705 0.053942 0.066667 0.091747
2 0.909302 0.286307 0.133333 0.094975
2 0.779845 0.330567 0.141085 0.111111
2 0.903101 0.378054 0.14186 0.098663
2 0.850388 0.488704 0.166667 0.071923
2 0.784496 0.420009 0.14031 0.081604
2 0.509302 0.45136 0.135659 0.091286
2 0.448062 0.476256 0.128682 0.084371
2 0.35814 0.462425 0.111628 0.076533
2 0.296124 0.520516 0.116279 0.094053
2 0.203876 0.514523 0.116279 0.109267
2 0.095349 0.543107 0.114729 0.080682
2 0.155039 0.591978 0.134884 0.079299
2 0.371318 0.520055 0.110078 0.086676
2 0.475194 0.538036 0.110853 0.092208
2 0.531008 0.522361 0.162791 0.094975
2 0.621705 0.526049 0.090698 0.090364
2 0.700775 0.545413 0.134884 0.11526
2 0.606202 0.607192 0.127132 0.112494
2 0.457364 0.616874 0.131783 0.092669
2 0.520155 0.65468 0.132558 0.103734
2 0.28062 0.622407 0.115504 0.08391
2 0.366667 0.647303 0.148062 0.071923
2 0.372868 0.696173 0.135659 0.088981
2 0.234109 0.689258 0.12093 0.079299
2 0.103101 0.650991 0.151163 0.09313
2 0.05814 0.721992 0.116279 0.068234
2 0.057364 0.838635 0.116279 0.065468
2 0.158915 0.812356 0.189147 0.087598
2 0.266667 0.748271 0.134884 0.078377
2 0.077519 0.929 0.14031 0.088981
2 0.188372 0.940065 0.124031 0.07976
2 0.212403 0.873675 0.158915 0.082065
2 0.294574 0.846473 0.193023 0.106501
2 0.300775 0.918857 0.142636 0.071462
2 0.331783 0.96911 0.143411 0.060396
2 0.382171 0.767635 0.135659 0.072845
2 0.428682 0.825265 0.124806 0.076994
2 0.496899 0.75242 0.134884 0.078377
2 0.536434 0.821116 0.113178 0.07515
2 0.495349 0.971876 0.131783 0.053942
2 0.711628 0.894882 0.24186 0.102351
2 0.906202 0.941448 0.136434 0.085754
2 0.924806 0.842324 0.106202 0.08391
2 0.816279 0.573075 0.147287 0.069156
2 0.866667 0.618718 0.152713 0.091747
2 0.629457 0.738589 0.137984 0.096358
2 0.722481 0.732596 0.144961 0.082988
2 0.778295 0.781005 0.153488 0.111111
2 0.851938 0.782388 0.231008 0.094514
2 0.856589 0.697556 0.144961 0.072384
2 0.03876 0.782849 0.078295 0.063624
2 0.622481 0.975565 0.14031 0.047948
2 0.024031 0.295989 0.048837 0.092208