2 0.794167 0.276875 0.074167 0.128125
2 0.720833 0.26625 0.114167 0.1175
2 0.748333 0.34375 0.099167 0.108125
2 0.776667 0.41875 0.15 0.16125
2 0.653333 0.379375 0.129167 0.175
2 0.51 0.36875 0.119167 0.16625
2 0.376667 0.3225 0.153333 0.146875
2 0.42 0.415 0.12 0.11625
2 0.404167 0.49125 0.169167 0.16625
2 0.551667 0.484375 0.174167 0.151875
2 0.2575 0.44625 0.153333 0.1475
2 0.160833 0.403125 0.124167 0.125625
2 0.096667 0.556875 0.194167 0.1225
2 0.190833 0.625 0.204167 0.13625
2 0.280833 0.72875 0.251667 0.13125
2 0.3275 0.5925 0.215833 0.106875