0 0.823529 0.549895 0.119748 0.081232
0 0.789683 0.59909 0.115079 0.061099
0 0.561625 0.594013 0.164799 0.08806
0 0.585434 0.830882 0.144491 0.08806
0 0.243464 0.754727 0.128618 0.105042
0 0.315593 0.607493 0.137722 0.08806
0 0.329132 0.554097 0.083567 0.042367
0 0.278478 0.463585 0.076797 0.060924
0 0.261438 0.335084 0.119514 0.054097
0 0.55719 0.4375 0.137955 0.096464
0 0.593838 0.370798 0.087068 0.063725
0 0.672269 0.361345 0.079132 0.055847
0 0.668768 0.309699 0.126517 0.071254
0 0.530112 0.244573 0.097339 0.066001
0 0.368581 0.303746 0.089869 0.050595
0 0.630019 0.66334 0.114613 0.075805
0 0.277544 0.706933 0.114613 0.062325