1 0.19888 0.665266 0.035481 0.031863
1 0.394491 0.683123 0.044818 0.035714
1 0.456349 0.711485 0.03408 0.021359
1 0.422502 0.692752 0.031279 0.026085
1 0.570495 0.655987 0.048319 0.033613
1 0.450514 0.566877 0.036181 0.029237
1 0.413632 0.570028 0.042017 0.033613
1 0.326797 0.568627 0.034781 0.029762
1 0.490196 0.535889 0.038982 0.034139
1 0.534314 0.530287 0.039683 0.030287
1 0.713585 0.615371 0.036648 0.029587
1 0.740896 0.528011 0.045051 0.035189
1 0.760971 0.508403 0.035247 0.02521
1 0.491363 0.470938 0.027778 0.02381
1 0.390289 0.47514 0.028245 0.022584
1 0.614613 0.419643 0.048553 0.035364
1 0.571895 0.375 0.031979 0.024685
1 0.488562 0.37535 0.037115 0.026436
1 0.377451 0.395133 0.029412 0.027311
1 0.390289 0.362395 0.032913 0.026436
1 0.263072 0.342787 0.043417 0.036239
1 0.235528 0.307248 0.029178 0.022234
1 0.205882 0.333683 0.034781 0.027661
1 0.065593 0.277486 0.042017 0.036239
1 0.154062 0.2507 0.037582 0.027136
1 0.210784 0.176821 0.028245 0.023634
1 0.094771 0.198004 0.031979 0.023459
1 0.251634 0.206933 0.031046 0.023985
1 0.274743 0.189951 0.035481 0.014881
1 0.221989 0.155987 0.034781 0.018732
1 0.422736 0.223214 0.036648 0.02416
1 0.4162 0.240021 0.034781 0.028536
1 0.44211 0.219713 0.033147 0.029762
1 0.275444 0.232843 0.031279 0.022234
1 0.312558 0.127626 0.029412 0.022759
1 0.338936 0.125525 0.036181 0.025735
1 0.330532 0.146534 0.04155 0.02556
1 0.553455 0.307598 0.046685 0.029587
1 0.538049 0.293067 0.031279 0.029237
1 0.566527 0.268382 0.035714 0.027486
1 0.603875 0.259629 0.02591 0.023459
1 0.702148 0.287115 0.039449 0.029587
1 0.682306 0.246148 0.035247 0.031162
1 0.69958 0.235644 0.037115 0.024335
1 0.749533 0.288515 0.036415 0.027661
1 0.879552 0.27591 0.043651 0.032563
1 0.977358 0.364846 0.040616 0.034314
1 0.90803 0.369048 0.042951 0.027311
1 0.889589 0.337185 0.029879 0.025385
1 0.835434 0.034314 0.032446 0.022584
1 0.761671 0.120973 0.028478 0.026085