0 0.714286 0.348214 0.166336 0.109623
0 0.670304 0.15377 0.10582 0.053819
0 0.80291 0.191468 0.074074 0.045635
0 0.898479 0.033234 0.081019 0.052083
0 0.276124 0.570437 0.107804 0.089286
0 0.509921 0.829117 0.13922 0.10119
0 0.601852 0.712798 0.117063 0.097718
0 0.497354 0.706101 0.128307 0.097718
0 0.827712 0.541915 0.092262 0.082589
0 0.748016 0.467758 0.094246 0.0625
0 0.621032 0.500744 0.105489 0.081101
0 0.573743 0.55878 0.150794 0.095982
0 0.457011 0.577381 0.087963 0.069196
0 0.366071 0.571429 0.103175 0.060764
0 0.872685 0.128472 0.069775 0.060764
0 0.774802 0.045139 0.062831 0.042411
0 0.410053 0.075397 0.065146 0.045635
0 0.270833 0.110615 0.092262 0.059028
0 0.111111 0.075397 0.074074 0.055804
0 0.060847 0.098958 0.049272 0.03869
0 0.164021 0.074405 0.058532 0.03373
0 0.218915 0.160466 0.078704 0.070685
0 0.400794 0.152778 0.083333 0.055556
0 0.801918 0.116567 0.058532 0.050595
0 0.124669 0.28001 0.078704 0.060764
0 0.077381 0.337302 0.141534 0.084325
0 0.160714 0.251488 0.127976 0.08755