0 0.117394 0.718998 0.235119 0.295139
0 0.327381 0.307044 0.09127 0.065724
0 0.164683 0.312996 0.088624 0.066716
0 0.232143 0.318948 0.075397 0.058284
0 0.206019 0.366071 0.083995 0.06002
0 0.26918 0.374752 0.074405 0.053571
0 0.179233 0.409474 0.09127 0.06126
0 0.055556 0.373512 0.069444 0.058284
0 0.029431 0.321925 0.058201 0.062996
0 0.057209 0.524554 0.082672 0.06374
0 0.196429 0.520337 0.108135 0.055556
0 0.184193 0.468006 0.088624 0.056548
0 0.250331 0.430308 0.068122 0.048363
0 0.273148 0.49256 0.089947 0.070933
0 0.099206 0.46627 0.083995 0.058284
0 0.031746 0.428819 0.060847 0.056548
0 0.096892 0.404018 0.069114 0.059276
0 0.134921 0.360367 0.065476 0.042907
0 0.597553 0.517113 0.092262 0.080357
0 0.730489 0.559524 0.096892 0.076141
0 0.534392 0.478423 0.096892 0.071925
0 0.576389 0.701637 0.117725 0.090278
0 0.618386 0.633681 0.090278 0.069692
0 0.650132 0.698413 0.056548 0.079861
0 0.732143 0.473214 0.09127 0.065724
0 0.510251 0.548115 0.081019 0.06622
0 0.488757 0.627976 0.079034 0.063988
0 0.535053 0.632688 0.082011 0.062252
0 0.580026 0.570188 0.100529 0.06002
0 0.602844 0.457589 0.076389 0.055804
0 0.650463 0.81622 0.079034 0.072917
0 0.58664 0.770833 0.101852 0.071181
0 0.547619 0.818948 0.111772 0.069444
0 0.470238 0.753472 0.077712 0.06374
0 0.521825 0.763889 0.083664 0.050099
0 0.507275 0.69246 0.06713 0.062004
0 0.470899 0.817956 0.06713 0.062004
0 0.454365 0.464038 0.050926 0.089286
0 0.584325 0.87128 0.113095 0.062748
0 0.449735 0.720734 0.062831 0.082341