0 0.248599 0.091036 0.127684 0.095763
0 0.173436 0.192227 0.137722 0.118347
0 0.072362 0.210959 0.135154 0.129552
0 0.084734 0.423845 0.169935 0.120098
0 0.073529 0.552346 0.147526 0.118172
0 0.463585 0.75105 0.177638 0.122024
0 0.729925 0.882703 0.130252 0.081583
0 0.596639 0.799545 0.15873 0.126401
0 0.753735 0.766982 0.122549 0.120098
0 0.524043 0.593312 0.142157 0.144433
0 0.646125 0.591211 0.155696 0.12395
0 0.775444 0.641632 0.072829 0.079307
0 0.828665 0.7493 0.080766 0.103116
0 0.518908 0.491947 0.070028 0.055847
0 0.545752 0.395483 0.155929 0.135854
0 0.396592 0.293067 0.205415 0.182248
0 0.254902 0.296919 0.103175 0.092087
0 0.691877 0.400035 0.135854 0.131653
0 0.681373 0.251926 0.133987 0.155287
0 0.545985 0.259629 0.172736 0.133403
0 0.533847 0.153711 0.181839 0.101366
0 0.644725 0.471989 0.116947 0.091036
0 0.667367 0.716912 0.168301 0.116071
0 0.796218 0.839111 0.09127 0.064601