1 0.964111 0.778245 0.045518 0.05112
1 0.899335 0.778478 0.051471 0.053922
1 0.858718 0.872782 0.029062 0.045285
1 0.797269 0.857843 0.038165 0.047852
1 0.591387 0.871382 0.043242 0.060458
1 0.52556 0.87535 0.044993 0.056022
1 0.423319 0.860177 0.044118 0.069561
1 0.420168 0.749533 0.037815 0.073763
1 0.470588 0.705182 0.052521 0.070028
1 0.508228 0.573063 0.034489 0.060458
1 0.418242 0.487395 0.061625 0.081699
1 0.224615 0.486928 0.036765 0.04972
1 0.204657 0.495331 0.046218 0.055322
1 0.050245 0.961018 0.041842 0.057656
1 0.013305 0.458917 0.026786 0.04902
1 0.089461 0.38212 0.036064 0.048553
1 0.01278 0.286181 0.025735 0.039449
1 0.035539 0.19888 0.031338 0.045051
1 0.102416 0.176937 0.030287 0.03408
1 0.094188 0.118581 0.055497 0.062092
1 0.346639 0.126284 0.042017 0.088469
1 0.559174 0.292717 0.029937 0.054155
1 0.753676 0.339869 0.040616 0.056723
1 0.733368 0.322362 0.035889 0.058123
1 0.697304 0.312558 0.037815 0.056256
1 0.693277 0.214519 0.045343 0.056956
1 0.723564 0.147526 0.048494 0.047619
1 0.571254 0.125117 0.041667 0.070495
1 0.54937 0.086134 0.034489 0.054622
1 0.566001 0.048086 0.026436 0.031279
1 0.724265 0.022642 0.052521 0.04225
1 0.716737 0.504202 0.050595 0.064192
1 0.619573 0.392157 0.050945 0.05789
1 0.605392 0.438375 0.059349 0.086368
1 0.564076 0.493231 0.0618 0.0824