1 0.798319 0.041317 0.027486 0.040383
1 0.666492 0.211951 0.021709 0.035014
1 0.619223 0.304855 0.025735 0.036881
1 0.631828 0.335668 0.015931 0.025677
1 0.610119 0.207049 0.024335 0.026844
1 0.54937 0.455415 0.028011 0.042951
1 0.542892 0.54902 0.030462 0.029412
1 0.539741 0.573063 0.022409 0.030112
1 0.522934 0.524743 0.018382 0.026611
1 0.471113 0.562325 0.016807 0.031746
1 0.488971 0.608543 0.015931 0.024043
1 0.534839 0.672269 0.020658 0.028011
1 0.539216 0.688842 0.023284 0.021475
1 0.508578 0.769141 0.022059 0.024276
1 0.389006 0.474323 0.02521 0.037815