1 0.197712 0.615021 0.023109 0.025035
1 0.374183 0.642332 0.035481 0.026611
1 0.527311 0.628676 0.040616 0.031162
1 0.42577 0.670518 0.028478 0.019083
1 0.664099 0.59944 0.034547 0.028887
1 0.687442 0.52486 0.040616 0.033613
1 0.712885 0.508578 0.026377 0.029762
1 0.506536 0.516632 0.029645 0.033438
1 0.469888 0.518908 0.035481 0.032038
1 0.432073 0.544643 0.028245 0.02451
1 0.39916 0.545518 0.037582 0.032038
1 0.323996 0.540091 0.033613 0.027311
1 0.386788 0.457983 0.021475 0.019958
1 0.851074 0.393557 0.034547 0.030637
1 0.914799 0.395658 0.036181 0.032388
1 0.845705 0.362045 0.031513 0.02521
1 0.841036 0.307073 0.039449 0.031863
1 0.727591 0.309174 0.032213 0.025385
1 0.682073 0.308648 0.036881 0.028887
1 0.685341 0.258578 0.038515 0.025385
1 0.668534 0.272934 0.032913 0.031863
1 0.561858 0.280112 0.031513 0.023634
1 0.533847 0.307423 0.027544 0.025385
1 0.54972 0.319678 0.041783 0.026611
1 0.559757 0.377976 0.028945 0.025385
1 0.589169 0.424195 0.037815 0.030637
1 0.48296 0.376225 0.032213 0.028887
1 0.478758 0.462185 0.026144 0.021884
1 0.383987 0.388305 0.030579 0.029587
1 0.397993 0.357143 0.030812 0.027136
1 0.286648 0.334734 0.038515 0.031863
1 0.234594 0.323354 0.032446 0.030987
1 0.263072 0.30007 0.026377 0.022934
1 0.116947 0.267857 0.036648 0.035364
1 0.194444 0.244048 0.036415 0.026085
1 0.143324 0.191176 0.034781 0.025385
1 0.249066 0.179097 0.028245 0.022234
1 0.347572 0.136905 0.025677 0.019958
1 0.371849 0.140406 0.036415 0.025385
1 0.362745 0.157038 0.039683 0.018032
1 0.435574 0.235119 0.028245 0.022934
1 0.459617 0.228817 0.031513 0.02416
1 0.431839 0.247024 0.033847 0.027311
1 0.830532 0.079657 0.03408 0.023459
1 0.756069 0.155287 0.028945 0.02416