1 0.582633 0.085609 0.072362 0.054972
1 0.612045 0.17612 0.086835 0.059174
1 0.344538 0.133754 0.071429 0.045343
1 0.189076 0.058473 0.076797 0.043417
1 0.393557 0.346989 0.101541 0.058473
1 0.379552 0.289741 0.1676 0.092787
1 0.126284 0.346989 0.108077 0.061625
1 0.285714 0.385854 0.121615 0.08771
1 0.105042 0.4993 0.102941 0.056548
1 0.504435 0.419293 0.1669 0.096639
1 0.118114 0.660539 0.106676 0.079307
1 0.647059 0.628501 0.179272 0.143207
1 0.630719 0.714986 0.090803 0.066352
1 0.958217 0.455007 0.083333 0.087185
1 0.971522 0.37535 0.056723 0.052871
1 0.975724 0.168943 0.048319 0.036765