2 0.368503 0.657932 0.086113 0.042115
2 0.369279 0.6219 0.083786 0.045391
2 0.441427 0.655124 0.089216 0.056153
2 0.436773 0.606926 0.070597 0.050538
2 0.486424 0.627047 0.080683 0.049602
2 0.521334 0.593823 0.069822 0.05007
2 0.558573 0.630323 0.064391 0.052878
2 0.591156 0.588676 0.062839 0.053346
2 0.650892 0.642489 0.08301 0.056621
2 0.659426 0.595695 0.065167 0.056153
2 0.715283 0.594759 0.076028 0.059429
2 0.76571 0.600842 0.08301 0.047263
2 0.837083 0.644361 0.089216 0.049134
2 0.764934 0.631259 0.09232 0.051474