0 0.517507 0.256653 0.079832 0.055147
0 0.59197 0.237745 0.085434 0.071429
0 0.679505 0.260854 0.103641 0.065301
0 0.755836 0.417192 0.160131 0.100665
0 0.777077 0.552871 0.150794 0.118697
0 0.657563 0.636204 0.110411 0.089636
0 0.337768 0.618347 0.102941 0.092437
0 0.227358 0.518382 0.058824 0.060574
0 0.176937 0.62465 0.071662 0.055147
0 0.148459 0.894083 0.114146 0.109069
0 0.237395 0.892682 0.097572 0.08701
0 0.241363 0.683824 0.053455 0.060749
0 0.047386 0.514181 0.095238 0.088235
0 0.299253 0.319853 0.084734 0.055322
0 0.369048 0.302696 0.077264 0.048319
0 0.366246 0.354342 0.064426 0.044118
0 0.407796 0.483193 0.070962 0.039216
0 0.234127 0.586485 0.059057 0.042717
0 0.448413 0.54902 0.06746 0.034314
0 0.938609 0.593137 0.0831 0.050945
0 0.976424 0.657038 0.046685 0.051471
0 0.892157 0.617822 0.054622 0.039041
0 0.490663 0.609594 0.035014 0.039741
0 0.465686 0.628852 0.038049 0.028361
0 0.98366 0.376751 0.032213 0.029062
0 0.879552 0.302871 0.040149 0.02591
0 0.012372 0.709559 0.014006 0.010679
0 0.017507 0.721289 0.01774 0.009629
0 0.035948 0.731793 0.011671 0.011555
0 0.023343 0.747724 0.025677 0.015231
0 0.024276 0.736695 0.020308 0.011204
0 0.004202 0.749125 0.008637 0.01243
1 0.018441 0.774335 0.010971 0.009279
1 0.077498 0.803221 0.007703 0.005952
1 0.088002 0.804972 0.010504 0.009979
1 0.109711 0.793417 0.013772 0.005427
1 0.11788 0.785189 0.009804 0.005952
1 0.125817 0.780287 0.011438 0.008403
1 0.09944 0.771183 0.012372 0.006478
1 0.11578 0.767682 0.010971 0.006828
1 0.143557 0.772934 0.013305 0.007528
1 0.124883 0.762255 0.008637 0.008929
1 0.197012 0.76208 0.013772 0.008929
1 0.179739 0.760504 0.012372 0.007178
1 0.086368 0.994048 0.020308 0.01173
1 0.127918 0.991246 0.014706 0.01138
1 0.112745 0.960784 0.01774 0.01278
1 0.088469 0.968662 0.01704 0.009629
1 0.068627 0.91159 0.014939 0.01208