1 0.304155 0.814426 0.098506 0.07458
1 0.436741 0.899685 0.065126 0.046394
1 0.359711 0.864496 0.061391 0.043768
1 0.146359 0.605042 0.064426 0.0625
1 0.323763 0.566877 0.083333 0.067227
1 0.396125 0.559349 0.07563 0.056022
1 0.462652 0.503676 0.081699 0.057948
1 0.543651 0.484944 0.073063 0.057423
1 0.264239 0.466912 0.044585 0.035189
1 0.444444 0.41369 0.055556 0.039916
1 0.407096 0.310399 0.057423 0.048319
1 0.222689 0.306022 0.043184 0.047794
1 0.254669 0.297444 0.039683 0.036239
1 0.030812 0.236169 0.061858 0.055847
1 0.059057 0.15021 0.036415 0.031338
1 0.02381 0.105742 0.044585 0.041317
1 0.274276 0.133053 0.056022 0.047269
1 0.310691 0.117472 0.042484 0.039391
1 0.280579 0.080007 0.057423 0.039916
1 0.138889 0.023634 0.053922 0.044643
1 0.687675 0.693277 0.083333 0.079307
1 0.889122 0.644783 0.068394 0.0625
1 0.926471 0.440301 0.09197 0.064776
1 0.645425 0.299195 0.073529 0.054447
1 0.544118 0.289566 0.045985 0.03694
1 0.504435 0.230742 0.035481 0.022409
1 0.364846 0.231793 0.054855 0.039741
1 0.501867 0.168943 0.062558 0.043768
1 0.477124 0.135329 0.046919 0.048319
1 0.507703 0.146534 0.045051 0.034839
1 0.554388 0.148985 0.035481 0.039916
1 0.953782 0.138831 0.053688 0.040441
1 0.771942 0.174895 0.050887 0.041842
1 0.721289 0.13708 0.058357 0.040266
1 0.693511 0.046043 0.063259 0.048144
1 0.719188 0.015056 0.034314 0.02521
1 0.689776 0.09944 0.057656 0.027486