0 0.679038 0.716737 0.178338 0.13708
0 0.548086 0.78694 0.155929 0.115021
0 0.254669 0.709909 0.119514 0.130427
0 0.098506 0.578431 0.09197 0.084034
0 0.128151 0.450105 0.097806 0.078081
0 0.225724 0.508578 0.176471 0.134979
0 0.181373 0.302346 0.090803 0.068102
0 0.523343 0.32458 0.146125 0.093137
0 0.500934 0.404937 0.105509 0.07528
0 0.414099 0.420343 0.086601 0.065651
0 0.295985 0.268732 0.078665 0.051471
0 0.631186 0.330882 0.09127 0.105742
0 0.570495 0.210259 0.129318 0.070028
0 0.403828 0.479867 0.10084 0.072654
0 0.428105 0.379727 0.070261 0.054972
0 0.291783 0.816001 0.120915 0.093312
0 0.039916 0.730917 0.080065 0.090686