1 0.928571 0.541667 0.05929 0.041317
1 0.838936 0.719188 0.056956 0.047094
1 0.774276 0.705007 0.039216 0.041492
1 0.765873 0.648284 0.060691 0.046919
1 0.656863 0.699755 0.067694 0.051996
1 0.580299 0.695028 0.064192 0.042542
1 0.543651 0.822829 0.061158 0.033438
1 0.378151 0.721464 0.073763 0.053746
1 0.278478 0.820553 0.080766 0.045518
1 0.099673 0.615371 0.058824 0.062325
1 0.193744 0.613095 0.072829 0.055847
1 0.133287 0.547794 0.070261 0.042892
1 0.269608 0.576506 0.065126 0.05007
1 0.492764 0.615196 0.044585 0.031513
1 0.522409 0.527486 0.03338 0.02381
1 0.493464 0.3118 0.055556 0.053746
1 0.426471 0.324055 0.061625 0.036239
1 0.40873 0.354517 0.055556 0.043592
1 0.438842 0.363445 0.038515 0.035714
1 0.47549 0.35084 0.077264 0.057248
1 0.468021 0.39916 0.063259 0.040791
1 0.408263 0.385504 0.06676 0.053221
1 0.423436 0.421218 0.069094 0.042717
1 0.478758 0.431197 0.081933 0.04902
1 0.375817 0.342437 0.071429 0.063901