0 0.781746 0.294293 0.222456 0.180322
0 0.869981 0.130952 0.259804 0.217437
0 0.502101 0.566352 0.148226 0.087535
0 0.454949 0.468662 0.139356 0.097689
0 0.377451 0.574755 0.114613 0.114496
0 0.580766 0.462885 0.080999 0.085959
0 0.662698 0.502451 0.114613 0.08771
0 0.656863 0.626926 0.121382 0.107843
0 0.536881 0.648985 0.14169 0.094363
0 0.711951 0.566352 0.07423 0.077381
0 0.937208 0.355042 0.125117 0.150035
0 0.713119 0.386204 0.206816 0.154937
0 0.663866 0.193277 0.161765 0.14986
0 0.615546 0.307073 0.145892 0.108018
0 0.72409 0.049195 0.157796 0.098564