2 0.080683 0.832882 0.132661 0.105239
2 0.231963 0.775519 0.201707 0.141825
2 0.126455 0.726739 0.176881 0.107498
2 0.205586 0.649051 0.145849 0.108853
2 0.082234 0.66486 0.129558 0.105691
2 0.073701 0.582204 0.114818 0.096206
2 0.177657 0.499097 0.101629 0.079946
2 0.251358 0.462963 0.117921 0.086721
2 0.244375 0.51897 0.148177 0.078591
2 0.240497 0.572267 0.16602 0.099819
2 0.363848 0.632791 0.153607 0.119241
2 0.40031 0.483288 0.119472 0.095754
2 0.514352 0.553749 0.1218 0.092593
2 0.539953 0.485095 0.094647 0.075429
2 0.642358 0.514002 0.087665 0.075429
2 0.733902 0.514453 0.130334 0.106594
2 0.577967 0.615176 0.170675 0.081752
2 0.754073 0.620145 0.142746 0.062331
2 0.782002 0.654923 0.145849 0.096206
2 0.583398 0.760163 0.178433 0.104336
2 0.464701 0.860434 0.184639 0.112014
2 0.773468 0.786811 0.265322 0.14589
2 0.92242 0.728997 0.137316 0.099819
2 0.916214 0.630081 0.150504 0.099368