2 0.068992 0.352262 0.139535 0.094645
2 0.05969 0.409049 0.12093 0.088643
2 0.18062 0.306094 0.14031 0.11542
2 0.262791 0.266851 0.112403 0.114035
2 0.317829 0.291782 0.112403 0.092336
2 0.277519 0.359187 0.15814 0.099261
2 0.430233 0.320406 0.128682 0.120499
2 0.522481 0.279778 0.148062 0.10988
2 0.586047 0.358726 0.137984 0.113573
2 0.693798 0.286242 0.124031 0.073407
2 0.690698 0.339335 0.095349 0.106648
2 0.766667 0.350877 0.141085 0.080794
2 0.706202 0.410434 0.146512 0.093721
2 0.872868 0.376731 0.167442 0.101108
2 0.837209 0.298246 0.136434 0.086796