0 0.869048 0.504202 0.088002 0.071429
0 0.814659 0.510679 0.056489 0.074755
0 0.544118 0.521008 0.095938 0.064601
0 0.520542 0.481793 0.081699 0.057248
0 0.524043 0.442052 0.076097 0.047794
0 0.088002 0.581057 0.091036 0.043768
0 0.174837 0.41194 0.035948 0.022409
0 0.403128 0.391807 0.021475 0.03799
0 0.170401 0.36152 0.026611 0.019083
0 0.19888 0.366597 0.028711 0.022584
0 0.078198 0.377276 0.03338 0.032213
0 0.596405 0.452731 0.038282 0.042367
0 0.571429 0.442402 0.052521 0.035889
0 0.457516 0.469363 0.051821 0.043417