0 0.260582 0.242063 0.161706 0.085813
0 0.371693 0.135169 0.146164 0.080853
0 0.720899 0.071181 0.098876 0.077629
0 0.933201 0.050843 0.092262 0.070933
0 0.744709 0.199157 0.069775 0.050595
0 0.737765 0.261409 0.10119 0.05754
0 0.814153 0.242063 0.114749 0.068948
0 0.839947 0.195933 0.103505 0.074157
0 0.531085 0.639633 0.168651 0.119792
0 0.662698 0.584821 0.184193 0.158234
0 0.727844 0.500496 0.116733 0.131448
0 0.508929 0.552083 0.114749 0.069196
0 0.368386 0.545387 0.157407 0.119792
0 0.403108 0.861855 0.11045 0.082837
0 0.066138 0.734623 0.132937 0.165179
0 0.135913 0.402034 0.155093 0.119544
0 0.440476 0.450893 0.166336 0.109623
0 0.25496 0.523313 0.132606 0.106151
0 0.56713 0.429067 0.127976 0.146577
0 0.416667 0.386905 0.168651 0.065972