0 0.484788 0.673611 0.228175 0.18626
0 0.315476 0.681052 0.11045 0.137153
0 0.689153 0.58879 0.158069 0.125496
0 0.730159 0.485863 0.135913 0.116071
0 0.544312 0.454117 0.158069 0.143353
0 0.354828 0.465278 0.169312 0.124256
0 0.291667 0.524554 0.119378 0.104911
0 0.377976 0.581845 0.093915 0.078621
0 0.808201 0.079861 0.124339 0.082837
0 0.957341 0.077133 0.082341 0.081597
0 0.78869 0.025794 0.166997 0.047371
0 0.678241 0.104911 0.079034 0.078125
0 0.313492 0.793651 0.096892 0.06746
0 0.478505 0.361607 0.161706 0.092758
0 0.634259 0.375992 0.123677 0.134921