2 0.083786 0.312271 0.163693 0.069597
2 0.291699 0.27381 0.170675 0.076923
2 0.439876 0.217949 0.208689 0.087912
2 0.361521 0.298993 0.1955 0.105769
2 0.578743 0.28022 0.224981 0.093407
2 0.59038 0.357143 0.252133 0.129579
2 0.290147 0.391484 0.183088 0.090659
2 0.110163 0.421703 0.179984 0.102564
2 0.20481 0.495421 0.199379 0.084249
2 0.373157 0.436355 0.207913 0.099359
2 0.345229 0.52793 0.193173 0.098901
2 0.44841 0.540751 0.173002 0.10348
2 0.505818 0.600275 0.174554 0.103022
2 0.640807 0.656136 0.237393 0.133242
2 0.637704 0.531136 0.211016 0.128205
2 0.836307 0.410256 0.213344 0.117674
2 0.746315 0.798993 0.203258 0.147436