0 0.083333 0.03001 0.058532 0.031994
0 0.022487 0.046627 0.036045 0.025298
0 0.125992 0.072917 0.063161 0.040427
0 0.075397 0.109127 0.051918 0.035466
0 0.19213 0.199157 0.047288 0.03373
0 0.119048 0.220982 0.044974 0.03373
0 0.844246 0.067708 0.049603 0.030258
0 0.740079 0.210069 0.078704 0.059028
0 0.658069 0.210069 0.06746 0.052083
0 0.604167 0.202629 0.058532 0.040427
0 0.541336 0.220238 0.089947 0.045635
0 0.462632 0.220238 0.054233 0.035466
0 0.488757 0.181548 0.069775 0.028522
0 0.061839 0.268353 0.069775 0.040427
0 0.868056 0.232887 0.060847 0.043899
0 0.911706 0.259921 0.07209 0.043899
0 0.82209 0.285962 0.049272 0.031994
0 0.75 0.297619 0.062831 0.042163
0 0.672619 0.31126 0.074074 0.048859
0 0.943122 0.411458 0.107804 0.057292
0 0.485119 0.409722 0.058532 0.043899
0 0.464947 0.321181 0.07209 0.045635
0 0.385251 0.312004 0.060847 0.047123
0 0.352513 0.275794 0.06746 0.025298
0 0.263889 0.328869 0.069444 0.050595
0 0.324735 0.326389 0.042659 0.045387
0 0.205357 0.333085 0.056217 0.045635
0 0.081019 0.351687 0.085648 0.038938
0 0.039352 0.3812 0.051587 0.043899
0 0.168651 0.40377 0.053902 0.035466
0 0.661376 0.448413 0.119048 0.063988
0 0.535714 0.467758 0.078704 0.045635
0 0.181878 0.461806 0.07209 0.054067
0 0.251653 0.448413 0.081019 0.050595
0 0.296627 0.453621 0.058532 0.043899
0 0.166336 0.599206 0.094246 0.072669
0 0.028108 0.656498 0.056548 0.065724
0 0.159722 0.692708 0.103505 0.057292
0 0.283069 0.545139 0.058532 0.059028
0 0.308862 0.496528 0.074074 0.042411
0 0.365079 0.562004 0.087632 0.0625
0 0.380952 0.504712 0.110119 0.042163
0 0.444775 0.548611 0.089947 0.052331
0 0.465939 0.495536 0.078704 0.047123
0 0.543651 0.520089 0.076389 0.062252
0 0.455026 0.638641 0.114749 0.084325
0 0.053902 0.948661 0.099206 0.084325
0 0.660384 0.75744 0.116733 0.055556
0 0.749008 0.605159 0.141534 0.104415
0 0.635582 0.541915 0.162037 0.099454
0 0.777116 0.521825 0.152778 0.065724
0 0.831019 0.596726 0.085648 0.081101
0 0.685185 0.855159 0.076389 0.049107
0 0.761574 0.852679 0.081019 0.081101
0 0.864749 0.860367 0.108135 0.102927
0 0.887235 0.960813 0.071759 0.078125
0 0.954365 0.832341 0.085317 0.084325
0 0.909722 0.715278 0.063161 0.079365
0 0.894841 0.59003 0.074074 0.057292
0 0.175265 0.831597 0.134921 0.065724
0 0.25496 0.773562 0.074074 0.097966
0 0.309854 0.717014 0.107804 0.075893
0 0.390873 0.697669 0.081019 0.084325
0 0.434524 0.28745 0.078704 0.045635