0 0.503307 0.674107 0.184193 0.144841
0 0.667989 0.629464 0.208995 0.193948
0 0.809524 0.514881 0.128307 0.109623
0 0.771495 0.425843 0.146164 0.102927
0 0.618717 0.40625 0.150794 0.148313
0 0.482804 0.341518 0.197751 0.082589
0 0.383929 0.518353 0.157407 0.156746
0 0.49537 0.552827 0.145833 0.094246
0 0.47619 0.436756 0.166336 0.134673
0 0.312169 0.456845 0.125661 0.124752
0 0.381944 0.857639 0.112103 0.070933
0 0.474868 0.182292 0.168651 0.118056
0 0.624339 0.046875 0.175265 0.086062
0 0.275132 0.180556 0.155093 0.10119
0 0.144841 0.228671 0.141534 0.089286
0 0.194444 0.037202 0.150463 0.074901
0 0.056217 0.077877 0.112765 0.118056
0 0.217923 0.126736 0.21131 0.111111