1 0.938842 0.909314 0.084267 0.059524
1 0.768207 0.949405 0.085668 0.07493
1 0.746265 0.830707 0.068861 0.060574
1 0.55859 0.765056 0.095705 0.072304
1 0.929505 0.787115 0.068161 0.052346
1 0.969188 0.691877 0.04972 0.044468
1 0.866013 0.606618 0.081699 0.056723
1 0.937675 0.601366 0.070728 0.05077
1 0.904995 0.57563 0.03338 0.029587
1 0.769841 0.426996 0.072362 0.040966
1 0.80859 0.397934 0.047386 0.046919
1 0.717087 0.393557 0.048086 0.034839
1 0.653361 0.472339 0.063959 0.028536
1 0.597339 0.532913 0.053221 0.042367
1 0.593137 0.487395 0.039916 0.051996
1 0.543184 0.42577 0.045985 0.037815
1 0.552288 0.398985 0.056489 0.035014
1 0.504902 0.42542 0.046919 0.036239
1 0.324463 0.41369 0.061158 0.051471
1 0.238329 0.548319 0.098273 0.071779
1 0.404528 0.522584 0.066293 0.056373
1 0.507937 0.660189 0.055789 0.03799
1 0.431373 0.702381 0.079365 0.058999