0 0.905754 0.410962 0.09127 0.117808
0 0.8125 0.382688 0.106151 0.083333
0 0.745701 0.356895 0.137566 0.104167
0 0.831349 0.322173 0.167989 0.080853
0 0.043651 0.461558 0.087632 0.12624
0 0.138558 0.49752 0.171627 0.137401
0 0.14881 0.380704 0.140212 0.087302
0 0.269841 0.351438 0.155754 0.109871
0 0.202381 0.312004 0.137897 0.075397
0 0.589947 0.761161 0.185847 0.131696
0 0.739749 0.835565 0.188161 0.148313
0 0.782077 0.93998 0.142196 0.092758
0 0.659061 0.941716 0.134921 0.113839
0 0.511905 0.914931 0.21131 0.132937