2 0.609775 0.207494 0.242824 0.199664
2 0.796742 0.191834 0.231963 0.232103
2 0.927075 0.105145 0.118697 0.209732
2 0.458495 0.276286 0.197828 0.180649
2 0.276959 0.295302 0.245927 0.205817
2 0.167572 0.408277 0.267649 0.178971
2 0.110939 0.569911 0.186967 0.162752
2 0.211792 0.542506 0.216447 0.204698
2 0.212568 0.708054 0.271528 0.176734
2 0.384794 0.604586 0.283941 0.185123
2 0.369279 0.46868 0.179984 0.196309
2 0.481769 0.383669 0.228084 0.187919
2 0.633049 0.335011 0.272304 0.217562
2 0.793638 0.468121 0.269201 0.223714
2 0.517455 0.524609 0.271528 0.195749