2 0.865787 0.839782 0.238945 0.185286
2 0.733126 0.725886 0.319628 0.168937
2 0.623739 0.589101 0.349108 0.195095
2 0.860357 0.564578 0.252909 0.226703
2 0.83398 0.357493 0.303336 0.189646
2 0.6827 0.27248 0.280838 0.200545
2 0.533747 0.427793 0.330489 0.236512
2 0.421257 0.611989 0.217223 0.197275
2 0.332816 0.476294 0.211016 0.244142
2 0.352987 0.297548 0.328937 0.224523
2 0.08301 0.299183 0.131885 0.205995
2 0.084562 0.147684 0.169899 0.220163
2 0.28782 0.12861 0.285493 0.186376
2 0.246703 0.26376 0.221102 0.180926