0 0.316993 0.249825 0.122549 0.077031
0 0.945378 0.065126 0.10901 0.12395
0 0.887255 0.373599 0.122549 0.077031
0 0.943277 0.415791 0.090103 0.078782
0 0.564659 0.340861 0.227591 0.180147
0 0.750934 0.466387 0.240196 0.183824
0 0.657096 0.580882 0.157563 0.105042
0 0.563259 0.516282 0.165266 0.144433
0 0.406863 0.483368 0.187675 0.168943
0 0.734127 0.715861 0.145425 0.069503
0 0.866713 0.589986 0.093604 0.078606
0 0.653128 0.801996 0.11578 0.05042
0 0.677404 0.150035 0.078665 0.05112
0 0.447012 0.583158 0.143791 0.084384
0 0.842204 0.22444 0.112512 0.070728
0 0.893791 0.529237 0.143791 0.091036