1 0.58771 0.797152 0.036239 0.052288
1 0.799545 0.644958 0.027836 0.046218
1 0.759279 0.643324 0.026436 0.047152
1 0.746499 0.537115 0.047969 0.054855
1 0.82598 0.35084 0.030637 0.046452
1 0.851891 0.350373 0.033438 0.041317
1 0.786415 0.262605 0.029587 0.035481
1 0.79902 0.213585 0.037465 0.05042
1 0.656688 0.221289 0.033263 0.042484
1 0.696954 0.328198 0.029937 0.046452
1 0.675245 0.365079 0.033088 0.039916
1 0.679797 0.397759 0.028361 0.028245
1 0.661064 0.417134 0.035189 0.04155
1 0.602241 0.509804 0.029762 0.038749
1 0.559874 0.456116 0.020308 0.027778
1 0.36222 0.413632 0.026611 0.035247
1 0.407913 0.364613 0.032213 0.036881
1 0.281162 0.377451 0.027311 0.029645
1 0.254902 0.369514 0.031863 0.038282
1 0.266106 0.332866 0.022059 0.026144
1 0.276611 0.318627 0.020483 0.01704
1 0.338235 0.348506 0.022234 0.022876
1 0.365896 0.380719 0.018908 0.024977
1 0.016982 0.202848 0.019433 0.022409
1 0.005602 0.185341 0.011555 0.012372
1 0.484244 0.369048 0.022409 0.028245
1 0.507878 0.344538 0.026786 0.038982
1 0.547969 0.329832 0.027136 0.038282
1 0.504027 0.297619 0.027311 0.022642
1 0.427346 0.267274 0.031863 0.036415
1 0.429097 0.248599 0.018382 0.015873
1 0.429447 0.218721 0.025735 0.029645
1 0.331758 0.208683 0.024335 0.018441
1 0.310399 0.267274 0.019083 0.027077
1 0.324405 0.290616 0.022234 0.023576
1 0.333859 0.241597 0.02381 0.028245
1 0.624125 0.342437 0.024335 0.028245
1 0.595238 0.271008 0.02556 0.025444
1 0.547269 0.262138 0.015231 0.019374
1 0.54902 0.202381 0.027661 0.033613
1 0.525735 0.208217 0.021359 0.028011
1 0.533263 0.184407 0.022584 0.019608
1 0.608718 0.136088 0.027486 0.021942
1 0.570378 0.132586 0.018382 0.020542
1 0.532213 0.09127 0.015581 0.021709
1 0.580532 0.085901 0.024335 0.030812
1 0.526961 0.006069 0.023109 0.012372
1 0.677521 0.085901 0.026961 0.025677
1 0.755427 0.07563 0.028361 0.029879
1 0.782213 0.044818 0.030287 0.027311
1 0.627101 0.154995 0.02556 0.02451