0 0.319114 0.94122 0.094246 0.065724
0 0.085317 0.959573 0.094577 0.075893
0 0.051587 0.771081 0.103836 0.065724
0 0.425595 0.755952 0.114418 0.099454
0 0.465939 0.827381 0.10582 0.084325
0 0.524471 0.751488 0.083333 0.06746
0 0.583995 0.800595 0.098876 0.077629
0 0.612103 0.739831 0.096892 0.054067
0 0.680556 0.78869 0.098876 0.08755
0 0.698413 0.737351 0.07672 0.069196
0 0.271825 0.616815 0.094577 0.06746
0 0.263889 0.770089 0.091931 0.10119
0 0.058532 0.392857 0.044974 0.047123
0 0.197751 0.43502 0.06746 0.053819
0 0.24504 0.423859 0.063161 0.059028
0 0.226852 0.52753 0.07672 0.040675
0 0.344907 0.450893 0.074405 0.03869
0 0.976852 0.725446 0.044974 0.059028
0 0.691799 0.965774 0.103505 0.067956
0 0.80291 0.927579 0.150463 0.069196
0 0.815476 0.975942 0.121362 0.047867
0 0.900463 0.939484 0.112434 0.116319
0 0.174272 0.242063 0.042659 0.0625
0 0.246032 0.256448 0.051918 0.040427
0 0.283069 0.239583 0.036045 0.03373
0 0.312169 0.361607 0.062831 0.042163
0 0.342593 0.31126 0.047288 0.031994
0 0.37963 0.296875 0.053902 0.037202
0 0.422288 0.299355 0.058532 0.021825
0 0.441468 0.467014 0.060516 0.047371
0 0.482804 0.450893 0.054233 0.049107
0 0.526786 0.416419 0.074405 0.054067
0 0.403108 0.502232 0.060847 0.050595
0 0.342593 0.395337 0.047288 0.052083
0 0.411045 0.362599 0.036045 0.036954
0 0.435847 0.324653 0.036045 0.025298
0 0.470569 0.368304 0.056217 0.059028
0 0.523479 0.360863 0.053902 0.040427
0 0.517526 0.326389 0.03836 0.025546
0 0.478505 0.323909 0.040675 0.030506
0 0.655754 0.295139 0.07209 0.043899
0 0.791005 0.552579 0.071759 0.072917
0 0.805556 0.602183 0.047288 0.059028
0 0.733466 0.542163 0.058532 0.042907
0 0.667659 0.49256 0.082672 0.052827
0 0.837632 0.53125 0.036376 0.048363
0 0.87963 0.535466 0.057209 0.041915
0 0.87037 0.499504 0.056217 0.035466
0 0.706019 0.62996 0.062169 0.054563
0 0.354828 0.537946 0.087632 0.040179
0 0.519841 0.483383 0.045966 0.034722
0 0.804894 0.459325 0.043651 0.041171
0 0.770503 0.444444 0.049934 0.047371
0 0.743056 0.484871 0.051257 0.03745
0 0.714616 0.391617 0.090939 0.065724
0 0.786045 0.382937 0.052249 0.051835
0 0.725529 0.342758 0.076389 0.046627
0 0.641204 0.355903 0.092262 0.051091
0 0.577381 0.347966 0.066799 0.047371
0 0.571759 0.311508 0.046296 0.032986
0 0.831019 0.280506 0.059524 0.038194
0 0.527778 0.28001 0.045304 0.041171
0 0.335979 0.279266 0.037698 0.026538
0 0.365741 0.350942 0.043981 0.035714
0 0.678902 0.549107 0.055886 0.043899
0 0.565807 0.71131 0.082672 0.03373
0 0.039021 0.927579 0.06713 0.059276
0 0.015873 0.970982 0.032407 0.057788
0 0.79795 0.177331 0.043981 0.035466
0 0.768519 0.166419 0.036376 0.022817
0 0.951389 0.139881 0.035384 0.017361
0 0.979828 0.204117 0.034061 0.036706
0 0.468915 0.217758 0.043651 0.03125
0 0.511574 0.224702 0.043981 0.031994
0 0.442791 0.196925 0.040344 0.02753
0 0.388228 0.231151 0.054894 0.03745
0 0.354167 0.234623 0.040344 0.030258
0 0.425265 0.229167 0.043651 0.031994
0 0.260913 0.196429 0.059854 0.028274
0 0.222553 0.216022 0.039021 0.032986
0 0.292328 0.16369 0.042328 0.028274
0 0.335317 0.152282 0.036376 0.029266
0 0.495701 0.202381 0.039021 0.02753
0 0.512566 0.157242 0.036376 0.022817
0 0.564815 0.161706 0.048611 0.03373
0 0.533069 0.140129 0.053571 0.021081
0 0.696429 0.203621 0.047619 0.030258
0 0.730489 0.198165 0.047288 0.035714
0 0.596892 0.175843 0.040344 0.040179
0 0.644841 0.207837 0.039021 0.032986
0 0.690807 0.150546 0.046296 0.029018
0 0.638228 0.146329 0.057209 0.031746
0 0.590278 0.139137 0.034061 0.013641
0 0.320437 0.330109 0.049934 0.030258
0 0.140873 0.227183 0.043981 0.038442
0 0.263228 0.093006 0.038029 0.02629
0 0.301587 0.072669 0.046627 0.03249
0 0.263228 0.070685 0.038029 0.021825
0 0.093915 0.084821 0.033069 0.032986
0 0.137235 0.081349 0.033069 0.03001
0 0.040675 0.076885 0.049272 0.027034
0 0.075728 0.0625 0.080357 0.017361
0 0.394841 0.125992 0.03836 0.03621
0 0.521825 0.179067 0.028439 0.030258