2 0.180707 0.285168 0.146739 0.08792
2 0.290761 0.297401 0.110054 0.069572
2 0.375 0.329511 0.089674 0.060398
2 0.41712 0.314985 0.097826 0.075688
2 0.497283 0.286697 0.077446 0.055046
2 0.574728 0.285933 0.107337 0.075688
2 0.762228 0.20948 0.112772 0.068807
2 0.695652 0.230887 0.108696 0.044343
2 0.692935 0.269878 0.120924 0.04893
2 0.764946 0.300459 0.076087 0.074924
2 0.688859 0.333333 0.138587 0.086391
2 0.532609 0.340214 0.134511 0.077217
2 0.548913 0.41208 0.127717 0.08104
2 0.876359 0.188073 0.122283 0.070336
2 0.974185 0.189602 0.048913 0.030581
2 0.891304 0.237003 0.096467 0.06422
2 0.960598 0.229358 0.076087 0.062691
2 0.964674 0.291284 0.067935 0.067278
2 0.955163 0.365443 0.086957 0.091743
2 0.911685 0.379205 0.059783 0.068043
2 0.959239 0.425841 0.078804 0.05581
2 0.930707 0.48318 0.133152 0.092508
2 0.838315 0.436544 0.103261 0.080275
2 0.735054 0.431957 0.126359 0.097095
2 0.773098 0.359327 0.059783 0.053517
2 0.679348 0.41208 0.119565 0.078746
2 0.797554 0.509939 0.146739 0.101682
2 0.899457 0.584862 0.197011 0.105505
2 0.51087 0.568807 0.111413 0.093272
2 0.599185 0.571101 0.158967 0.113914
2 0.612772 0.531346 0.171196 0.099388
2 0.92663 0.751529 0.14538 0.175841
2 0.726902 0.743119 0.169837 0.118502
2 0.835598 0.918196 0.327446 0.157492
2 0.48913 0.793578 0.105978 0.100917
2 0.558424 0.712538 0.118207 0.098624
2 0.430707 0.688073 0.232337 0.148318
2 0.275815 0.68578 0.169837 0.15367
2 0.165761 0.66896 0.110054 0.111621
2 0.076087 0.666667 0.096467 0.090214
2 0.273098 0.58945 0.13587 0.091743
2 0.336957 0.567278 0.09375 0.079511
2 0.195652 0.550459 0.099185 0.080275
2 0.146739 0.372324 0.153533 0.109327
2 0.081522 0.440367 0.157609 0.108563
2 0.168478 0.470948 0.137228 0.094801
2 0.311141 0.405199 0.130435 0.090979
2 0.396739 0.396789 0.066576 0.076453
2 0.375 0.460245 0.107337 0.075688
2 0.046196 0.83945 0.09375 0.172783
2 0.361413 0.91055 0.259511 0.163609
2 0.605978 0.852446 0.29212 0.182722
2 0.066576 0.960245 0.133152 0.075688