0 0.905833 0.05125 0.0775 0.0675
0 0.953333 0.035 0.068333 0.05625
0 0.900833 0.325 0.063333 0.05125
0 0.7775 0.326875 0.046667 0.036875
0 0.7825 0.23875 0.059167 0.06375
0 0.648333 0.073125 0.0675 0.055
0 0.671667 0.116875 0.075 0.055625
0 0.6875 0.045625 0.051667 0.045
0 0.435833 0.071875 0.0675 0.049375
0 0.5875 0.234375 0.073333 0.04625
0 0.605833 0.27 0.065833 0.055
0 0.419167 0.25125 0.075 0.056875
0 0.434167 0.219375 0.0575 0.035
0 0.351667 0.36875 0.074167 0.048125
0 0.321667 0.386875 0.054167 0.0475
0 0.451667 0.4475 0.065 0.0425
0 0.256667 0.16 0.065 0.055
0 0.89 0.45125 0.0675 0.050625
0 0.879167 0.511875 0.049167 0.046875
0 0.690833 0.563125 0.065833 0.046875
0 0.6475 0.620625 0.063333 0.055
0 0.381667 0.5975 0.085 0.05625
0 0.224167 0.525625 0.083333 0.061875
0 0.195833 0.574375 0.09 0.060625
0 0.18 0.235 0.080833 0.06125
0 0.334167 0.6775 0.079167 0.0525
0 0.149167 0.7075 0.090833 0.075
0 0.4325 0.81625 0.09 0.0675
0 0.5475 0.795625 0.06 0.049375
0 0.706667 0.7325 0.070833 0.048125
0 0.616667 0.93625 0.08 0.058125
0 0.735833 0.95 0.08 0.055