1 0.801396 0.764142 0.071373 0.046533
1 0.852599 0.716697 0.075252 0.035128
1 0.852599 0.694799 0.05896 0.020529
1 0.725369 0.741788 0.089216 0.044708
1 0.681148 0.705292 0.076804 0.03969
1 0.740884 0.713504 0.069822 0.024635
1 0.700543 0.685219 0.078355 0.032847
1 0.644686 0.666971 0.065943 0.038777
1 0.754073 0.636405 0.081458 0.048358
1 0.757176 0.603102 0.039566 0.026004
1 0.782777 0.601734 0.039566 0.033759
1 0.733126 0.416971 0.057409 0.026004
1 0.689682 0.373631 0.065167 0.027372
1 0.647789 0.38823 0.057409 0.032391
1 0.598138 0.395529 0.066718 0.038321
1 0.560124 0.394161 0.041117 0.041058
1 0.588829 0.368613 0.062064 0.032847
1 0.543832 0.360858 0.041117 0.029197
1 0.105508 0.751369 0.065943 0.02646
1 0.071373 0.830748 0.050427 0.039234
1 0.12723 0.869069 0.074476 0.031478
1 0.435997 0.961679 0.08301 0.028741
1 0.709077 0.974453 0.09775 0.041515