2 0.07907 0.606489 0.141085 0.161695
2 0.078295 0.362114 0.13876 0.114076
2 0.117054 0.278912 0.146512 0.142334
2 0.242636 0.276818 0.149612 0.121926
2 0.203101 0.361591 0.169767 0.177394
2 0.10155 0.475667 0.193023 0.181057
2 0.360465 0.294087 0.12093 0.120356
2 0.405426 0.357928 0.165891 0.155416
2 0.335659 0.429095 0.196899 0.211931
2 0.246512 0.526949 0.181395 0.190999
2 0.484496 0.231293 0.164341 0.110937
2 0.475969 0.284668 0.17907 0.168498
2 0.616279 0.294087 0.141085 0.128205
2 0.783721 0.277865 0.152713 0.14809
2 0.778295 0.385662 0.145736 0.154893
2 0.897674 0.361591 0.142636 0.145474
2 0.699225 0.354265 0.125581 0.139194
2 0.64031 0.40921 0.179845 0.191523
2 0.81938 0.457352 0.170543 0.168498
2 0.551163 0.521193 0.214729 0.184197
2 0.594574 0.612768 0.239535 0.202512
2 0.866667 0.581894 0.2 0.174778
2 0.789147 0.676609 0.213178 0.189953
2 0.848837 0.827839 0.25969 0.141287