1 0.906162 0.569328 0.053922 0.064893
1 0.873424 0.372082 0.070203 0.082166
1 0.794643 0.371382 0.067927 0.086601
1 0.759629 0.44958 0.07528 0.094304
1 0.766807 0.332166 0.069153 0.09057
1 0.70098 0.412232 0.059349 0.076097
1 0.532738 0.63422 0.058648 0.071429
1 0.483543 0.642157 0.080357 0.111578
1 0.428046 0.581466 0.078081 0.103641
1 0.38848 0.647993 0.029937 0.055089
1 0.326155 0.580299 0.073354 0.072596
1 0.38813 0.559524 0.066702 0.077264
1 0.386029 0.443511 0.055147 0.06746
1 0.473739 0.442577 0.06145 0.081466
1 0.219538 0.370448 0.067927 0.072596
1 0.603992 0.471989 0.072479 0.07563
1 0.601015 0.279879 0.056723 0.062792
1 0.942927 0.077264 0.058298 0.066527
1 0.945903 0.035948 0.054622 0.070728
1 0.775035 0.016573 0.073704 0.033613
1 0.823179 0.106676 0.048144 0.076097