2 0.194725 0.310249 0.154383 0.137581
2 0.05353 0.366113 0.096199 0.118652
2 0.244375 0.413666 0.159814 0.090951
2 0.32661 0.38458 0.132661 0.089566
2 0.280838 0.476916 0.168348 0.112188
2 0.115593 0.532318 0.223429 0.111265
2 0.211016 0.608033 0.131885 0.079871
2 0.088441 0.644506 0.141195 0.078486
2 0.402638 0.643121 0.16602 0.07156
2 0.325834 0.755771 0.145074 0.095106
2 0.530644 0.748846 0.229635 0.108957
2 0.639255 0.625577 0.191621 0.093721
2 0.572537 0.592798 0.20481 0.112188
2 0.855702 0.54109 0.237393 0.084949
2 0.391777 0.519852 0.182312 0.094645
2 0.533747 0.505078 0.231187 0.120499
2 0.735454 0.360572 0.196276 0.115882
2 0.459271 0.345337 0.186967 0.11542
2 0.301784 0.317175 0.154383 0.142659