1 0.645892 0.965861 0.141457 0.067927
1 0.550654 0.791492 0.076097 0.060049
1 0.36578 0.759279 0.078198 0.056373
1 0.077965 0.974965 0.066527 0.049895
1 0.069094 0.803396 0.058824 0.072304
1 0.168301 0.705182 0.076097 0.054797
1 0.539683 0.64916 0.097106 0.07388
1 0.513539 0.61257 0.064426 0.065301
1 0.574463 0.560574 0.074463 0.054797
1 0.65056 0.552521 0.056723 0.050595
1 0.305556 0.468838 0.073063 0.046043
1 0.305322 0.438901 0.073529 0.048494
1 0.045285 0.424195 0.050654 0.038165
1 0.025677 0.293242 0.050887 0.033438
1 0.19071 0.291317 0.067694 0.046919
1 0.211485 0.254902 0.062558 0.044468
1 0.407563 0.249125 0.052054 0.026261
1 0.871382 0.646359 0.087535 0.064251
1 0.942577 0.64986 0.069094 0.044643
1 0.872549 0.557423 0.079832 0.067052
1 0.850373 0.532038 0.075163 0.045518
1 0.948646 0.36152 0.053688 0.036415