2 0.412403 0.24554 0.226357 0.345794
2 0.267442 0.322005 0.166667 0.252336
2 0.099225 0.201359 0.15969 0.213254
2 0.060465 0.345794 0.117054 0.228547
2 0.173643 0.395922 0.169767 0.261682
2 0.107752 0.649108 0.195349 0.236194
2 0.342636 0.647409 0.168217 0.261682
2 0.403101 0.562447 0.137209 0.233645
2 0.488372 0.73237 0.115504 0.206457
2 0.547287 0.565845 0.166667 0.240442
2 0.493023 0.456245 0.117829 0.166525
2 0.610853 0.429057 0.120155 0.235344
2 0.805426 0.661003 0.177519 0.250637
2 0.816279 0.496177 0.155814 0.190314