2 0.254167 0.375 0.213333 0.163125
2 0.459167 0.420625 0.2275 0.180625
2 0.621667 0.370625 0.238333 0.161875
2 0.808333 0.40625 0.194167 0.141875
2 0.68 0.484375 0.1575 0.11
2 0.773333 0.576875 0.16 0.13625
2 0.921667 0.5775 0.155833 0.17875
2 0.285 0.5275 0.220833 0.161875
2 0.0825 0.43 0.161667 0.171875
2 0.106667 0.578125 0.214167 0.165625
2 0.095833 0.71 0.193333 0.17
2 0.239167 0.74375 0.169167 0.16
2 0.518333 0.56625 0.22 0.158125
2 0.291667 0.64875 0.193333 0.158125
2 0.444167 0.788125 0.27 0.165
2 0.619167 0.65625 0.256667 0.133125
2 0.644167 0.765 0.161667 0.108125
2 0.831667 0.736875 0.209167 0.12375