1 0.602066 0.974323 0.063025 0.050887
1 0.895658 0.721289 0.035364 0.061391
1 0.841737 0.726657 0.034489 0.063259
1 0.818803 0.549253 0.064076 0.078898
1 0.909489 0.335668 0.042717 0.061625
1 0.904237 0.281279 0.047444 0.066527
1 0.822479 0.164099 0.048669 0.067227
1 0.800595 0.254435 0.031162 0.040149
1 0.707983 0.299953 0.042542 0.060691
1 0.684349 0.349907 0.046744 0.04902
1 0.698354 0.380719 0.038165 0.04155
1 0.67472 0.401727 0.055497 0.062325
1 0.60049 0.539683 0.042367 0.050187
1 0.533613 0.502568 0.032913 0.042017
1 0.606618 0.348273 0.032913 0.043184
1 0.641632 0.200047 0.039216 0.055789
1 0.564776 0.285714 0.030462 0.029412
1 0.507353 0.358543 0.036064 0.044585
1 0.427171 0.406863 0.031162 0.038749
1 0.455532 0.355509 0.034839 0.046452
1 0.258403 0.464286 0.041492 0.055789
1 0.263655 0.42507 0.035364 0.038982
1 0.318978 0.387488 0.05007 0.047152
1 0.152836 0.426937 0.038866 0.038982
1 0.094013 0.389823 0.05007 0.060458
1 0.140406 0.380719 0.026961 0.035014
1 0.159139 0.370915 0.02381 0.024977
1 0.236345 0.274977 0.036765 0.048086
1 0.354342 0.301821 0.039041 0.05112
1 0.352766 0.236461 0.034139 0.039449
1 0.44888 0.323529 0.032738 0.029645
1 0.503501 0.291317 0.020133 0.025677
1 0.473214 0.228058 0.026611 0.031979
1 0.502101 0.202381 0.035714 0.037348
1 0.483368 0.179038 0.030637 0.027077
1 0.571254 0.136788 0.031162 0.02451
1 0.592612 0.174837 0.025035 0.028711
1 0.770133 0.026144 0.033088 0.038982
1 0.742472 0.053922 0.035714 0.028711
1 0.645833 0.098039 0.033438 0.024977
1 0.532913 0.072829 0.030112 0.029178
1 0.466036 0.042951 0.021359 0.024276