2 0.110939 0.398705 0.128782 0.080481
2 0.181536 0.390842 0.064391 0.084181
2 0.106284 0.46716 0.194725 0.082794
2 0.140419 0.526827 0.197828 0.109158
2 0.318852 0.524514 0.147401 0.091119
2 0.262219 0.392692 0.18076 0.119334
2 0.505818 0.533765 0.159814 0.118871
2 0.410396 0.395467 0.138092 0.091582
2 0.363072 0.328862 0.121024 0.102683
2 0.518231 0.341813 0.109387 0.101295
2 0.899147 0.475486 0.148953 0.091119
2 0.837859 0.461147 0.107836 0.089269
2 0.774244 0.492137 0.124127 0.106846
2 0.814585 0.408418 0.162141 0.074931
2 0.680372 0.403793 0.110939 0.092044
2 0.608999 0.389454 0.125679 0.113321
2 0.636928 0.336725 0.129558 0.092044
2 0.655547 0.506475 0.123351 0.096207