2 0.292702 0.489612 0.072205 0.073407
2 0.362578 0.486842 0.057453 0.062327
2 0.381988 0.525623 0.057453 0.077562
2 0.319876 0.545706 0.085404 0.094183
2 0.420031 0.463296 0.048137 0.064404
2 0.438665 0.504848 0.062112 0.086565
2 0.417702 0.596953 0.072205 0.090028
2 0.446429 0.552632 0.059006 0.083795
2 0.502329 0.477147 0.06677 0.077562
2 0.562112 0.481994 0.050466 0.078255
2 0.602484 0.509003 0.075311 0.078947
2 0.656832 0.521468 0.055901 0.051939
2 0.505435 0.548476 0.069099 0.092105
2 0.593944 0.569252 0.090839 0.08795
2 0.580745 0.641967 0.072981 0.06856
2 0.523292 0.614266 0.081522 0.094875
2 0.650621 0.563019 0.076087 0.08518
2 0.689441 0.567867 0.095497 0.092798
2 0.764752 0.556094 0.081522 0.065789
2 0.756211 0.606648 0.113354 0.067867
2 0.746118 0.65097 0.108696 0.061634