0 0.302521 0.452906 0.111345 0.081232
0 0.256069 0.423319 0.079365 0.067577
0 0.219421 0.470588 0.072362 0.070903
0 0.223623 0.560049 0.110411 0.112745
0 0.613445 0.431373 0.071662 0.054272
0 0.668301 0.460784 0.065126 0.047619
0 0.68394 0.408263 0.096639 0.053571
0 0.719888 0.479867 0.068627 0.073354
0 0.140289 0.504202 0.068627 0.075455
0 0.527778 0.72549 0.098973 0.079132
0 0.622082 0.783613 0.125584 0.077381
0 0.485761 0.834909 0.13352 0.072479
0 0.567227 0.856968 0.105742 0.065651
0 0.645892 0.830707 0.078665 0.053922
0 0.868814 0.865896 0.159197 0.130602
0 0.800887 0.980042 0.100607 0.039566