2 0.242295 0.488014 0.089897 0.072489
2 0.297089 0.457763 0.080479 0.073059
2 0.359589 0.430365 0.071062 0.041096
2 0.441781 0.415525 0.081336 0.027397
2 0.458048 0.457192 0.065068 0.070205
2 0.396404 0.445776 0.057363 0.033676
2 0.428082 0.472603 0.072774 0.06621
2 0.336473 0.460616 0.0625 0.047374
2 0.376712 0.49258 0.095034 0.077626
2 0.308219 0.506849 0.081336 0.070776
2 0.253425 0.53653 0.105308 0.070205
2 0.190068 0.537671 0.093322 0.047374
2 0.20976 0.576484 0.100171 0.069635
2 0.221747 0.633562 0.109589 0.054224
2 0.28339 0.586187 0.107021 0.052511
2 0.297945 0.634132 0.100171 0.067352
2 0.336473 0.681507 0.106164 0.065068
2 0.387842 0.636986 0.130993 0.053082
2 0.372432 0.58847 0.092466 0.062785
2 0.343322 0.560502 0.104452 0.065639
2 0.520548 0.433219 0.077911 0.061644
2 0.590753 0.444635 0.07363 0.043379
2 0.583904 0.478881 0.065068 0.056507
2 0.528253 0.472032 0.08476 0.052511
2 0.651541 0.474886 0.09589 0.061644
2 0.706336 0.494863 0.060788 0.033105
2 0.490582 0.508562 0.079623 0.053082
2 0.425514 0.537671 0.078767 0.045662
2 0.446062 0.583333 0.077055 0.063356
2 0.5 0.554224 0.072774 0.057078
2 0.553938 0.518265 0.083048 0.057648
2 0.609589 0.547374 0.088185 0.055936
2 0.666096 0.521689 0.089897 0.046233
2 0.669521 0.55879 0.085616 0.045091
2 0.61387 0.585046 0.065068 0.038242
2 0.554795 0.58105 0.074486 0.053082
2 0.500856 0.612443 0.077911 0.058219
2 0.428082 0.680936 0.093322 0.055365
2 0.431507 0.730023 0.097603 0.069635
2 0.52911 0.74258 0.105308 0.077055
2 0.494007 0.664384 0.08476 0.064498
2 0.554795 0.650685 0.078767 0.065068
2 0.619863 0.703196 0.109589 0.073059
2 0.60274 0.619292 0.089041 0.061644
2 0.680651 0.614155 0.095034 0.053653
2 0.689212 0.667237 0.123288 0.062215
2 0.77911 0.65468 0.135274 0.061644
2 0.754281 0.607306 0.105308 0.053653
2 0.753425 0.538813 0.103596 0.067922