0 0.516667 0.4275 0.165833 0.085
0 0.604167 0.481875 0.098333 0.076875
0 0.729167 0.47125 0.100833 0.119375
0 0.834167 0.445 0.065 0.065
0 0.795833 0.52625 0.056667 0.104375
0 0.916667 0.573125 0.07 0.08625
0 0.556667 0.54625 0.158333 0.0825
0 0.409167 0.56 0.1525 0.0975
0 0.345833 0.606875 0.125 0.0875
0 0.290833 0.669375 0.096667 0.0875
0 0.4075 0.67875 0.126667 0.066875
0 0.473333 0.628125 0.096667 0.06375
0 0.661667 0.53125 0.06 0.060625
0 0.895833 0.6575 0.106667 0.093125
0 0.77 0.75875 0.1125 0.076875
0 0.710833 0.59125 0.0925 0.074375
0 0.585833 0.63625 0.171667 0.124375
0 0.3975 0.738125 0.175 0.07875
0 0.485833 0.790625 0.113333 0.0725
0 0.544167 0.704375 0.133333 0.081875
0 0.695 0.703125 0.125833 0.081875
0 0.76 0.628125 0.0975 0.080625
0 0.7875 0.683125 0.093333 0.07875
0 0.868333 0.51 0.079167 0.094375
0 0.8975 0.379375 0.1525 0.051875