2 0.529868 0.203218 0.09232 0.064828
2 0.463926 0.242759 0.100853 0.090115
2 0.397207 0.19954 0.114042 0.077701
2 0.544608 0.236782 0.095423 0.088276
2 0.53142 0.296092 0.094647 0.075862
2 0.347556 0.282299 0.110163 0.067586
2 0.303336 0.317701 0.111715 0.08046
2 0.242824 0.418851 0.163693 0.056552
2 0.56633 0.433103 0.086889 0.050115
2 0.467029 0.396782 0.129558 0.05931
2 0.724593 0.46069 0.100853 0.056552
2 0.816912 0.403218 0.12723 0.049655
2 0.768813 0.315862 0.120248 0.065287
2 0.785105 0.352184 0.123351 0.069425
2 0.764934 0.201379 0.113266 0.076322
2 0.870442 0.232644 0.121024 0.075402
2 0.908456 0.309425 0.148177 0.08092
2 0.913887 0.357701 0.135764 0.062989