0 0.356909 0.83771 0.09267 0.070203
0 0.114146 0.63778 0.095005 0.059174
0 0.587068 0.6882 0.05719 0.062325
0 0.556256 0.608018 0.041083 0.023634
0 0.212418 0.558648 0.080532 0.044818
0 0.282446 0.447829 0.054388 0.053922
0 0.432073 0.527311 0.058357 0.044468
0 0.409897 0.491071 0.071662 0.053221
0 0.518441 0.494223 0.06676 0.067227
0 0.460784 0.459909 0.082166 0.067227
0 0.441176 0.429097 0.078198 0.05077
0 0.385854 0.460259 0.057423 0.046218
0 0.372316 0.415091 0.061625 0.041492
0 0.696545 0.528186 0.041783 0.036765
0 0.744398 0.464636 0.054388 0.046744
0 0.701681 0.41194 0.050187 0.056898
0 0.676704 0.38848 0.041783 0.039916
0 0.735761 0.382528 0.064426 0.043768
0 0.728291 0.34944 0.04085 0.032213
0 0.619514 0.30112 0.043651 0.036765
0 0.668768 0.28659 0.053221 0.037465
0 0.741597 0.28659 0.057423 0.046919
0 0.09197 0.351891 0.043884 0.032038
0 0.805789 0.450455 0.077264 0.067402
0 0.751634 0.42437 0.041783 0.030637
0 0.855275 0.413165 0.047619 0.045168
0 0.845238 0.379727 0.052521 0.045868
0 0.791083 0.3757 0.049253 0.04902
0 0.758637 0.341737 0.045752 0.029237
0 0.804622 0.346113 0.038982 0.028011
0 0.803455 0.23687 0.06606 0.047969
0 0.918534 0.163515 0.062092 0.041317
0 0.25747 0.239671 0.064192 0.047969
0 0.718021 0.097864 0.038049 0.030112
0 0.490896 0.056548 0.044351 0.028887
0 0.593371 0.043943 0.039916 0.023459
0 0.619281 0.056197 0.017507 0.01313
0 0.546218 0.164041 0.039916 0.026261
0 0.5831 0.162465 0.028478 0.026261
0 0.524977 0.182423 0.031279 0.021183
0 0.597106 0.178571 0.037115 0.021359
0 0.669468 0.043417 0.037582 0.026085
0 0.801821 0.030112 0.025677 0.030462
0 0.828198 0.031688 0.026844 0.027486
0 0.918067 0.034489 0.024977 0.018557
0 0.687675 0.021183 0.016807 0.023109
0 0.638422 0.046043 0.020775 0.017857
0 0.644725 0.02416 0.02381 0.021534
0 0.702148 0.026085 0.02591 0.019433
0 0.49253 0.027136 0.02381 0.018557
0 0.273576 0.032738 0.022876 0.010329
0 0.281046 0.018207 0.029645 0.014181
0 0.964519 0.017507 0.035481 0.031863
0 0.979458 0.104167 0.036881 0.035189
0 0.857143 0.017507 0.032446 0.023459
0 0.305789 0.046744 0.025677 0.026611
0 0.472923 0.018557 0.025444 0.023459
0 0.637722 0.228116 0.042951 0.042017
0 0.584267 0.249125 0.065359 0.043768
0 0.646359 0.262955 0.082166 0.031162