0 0.849868 0.08879 0.146164 0.089286
0 0.694114 0.242063 0.148479 0.09623
0 0.510913 0.254712 0.132606 0.091022
0 0.373016 0.31622 0.13922 0.089286
0 0.385251 0.227927 0.092262 0.077629
0 0.936508 0.394593 0.126323 0.12128
0 0.839947 0.360119 0.117063 0.112847
0 0.655754 0.577381 0.148148 0.163442
0 0.454696 0.689236 0.150794 0.094246
0 0.485119 0.517361 0.224868 0.165179
0 0.352513 0.631944 0.215608 0.165179
0 0.372685 0.461062 0.215608 0.123016
0 0.258267 0.560516 0.175265 0.15997
0 0.463955 0.195685 0.155093 0.06746
0 0.059524 0.036706 0.096561 0.055804
0 0.321098 0.144345 0.148148 0.106151
0 0.954696 0.715278 0.081019 0.072421