2 0.131868 0.355 0.124019 0.0875
2 0.266876 0.2475 0.11146 0.0725
2 0.381476 0.21375 0.095761 0.07
2 0.458399 0.19375 0.069074 0.095
2 0.527473 0.18125 0.064364 0.0875
2 0.499215 0.205 0.080063 0.06875
2 0.623234 0.18875 0.075353 0.07375
2 0.574568 0.2175 0.058085 0.075
2 0.690738 0.23875 0.092622 0.09125
2 0.792779 0.2825 0.10675 0.075
2 0.714286 0.29375 0.076923 0.0675
2 0.634223 0.26875 0.069074 0.08625
2 0.577708 0.26625 0.086342 0.0725
2 0.502355 0.2675 0.080063 0.07125
2 0.425432 0.26875 0.084772 0.08875
2 0.33438 0.3225 0.084772 0.07
2 0.270016 0.36125 0.11303 0.0675
2 0.237049 0.43 0.102041 0.0625
2 0.33124 0.405 0.097331 0.06125
2 0.397174 0.35625 0.086342 0.06625
2 0.44113 0.405 0.097331 0.07
2 0.503925 0.35375 0.087912 0.0675
2 0.572998 0.325 0.094192 0.0775
2 0.673469 0.34375 0.095761 0.08125
2 0.77865 0.385 0.120879 0.0925
2 0.695447 0.4 0.097331 0.07875
2 0.574568 0.39875 0.091052 0.0775
2 0.152276 0.56125 0.10832 0.0825
2 0.178964 0.60375 0.120879 0.0825
2 0.240188 0.5675 0.120879 0.0925
2 0.273155 0.49375 0.102041 0.07125
2 0.362637 0.485 0.105181 0.07125
2 0.33595 0.54875 0.098901 0.08
2 0.266876 0.67875 0.10832 0.0975
2 0.348509 0.655 0.094192 0.09125
2 0.431711 0.61875 0.089482 0.08
2 0.427002 0.52375 0.092622 0.0675
2 0.510204 0.50875 0.092622 0.08
2 0.56044 0.46375 0.073783 0.07375
2 0.610675 0.51375 0.092622 0.0675
2 0.56044 0.57 0.091052 0.075
2 0.511774 0.63 0.086342 0.07875
2 0.405024 0.70125 0.081633 0.0975
2 0.481947 0.7025 0.092622 0.09625
2 0.425432 0.76375 0.083203 0.0825
2 0.5573 0.7375 0.075353 0.085
2 0.651491 0.71875 0.102041 0.09125
2 0.576138 0.65 0.087912 0.08625
2 0.637363 0.60125 0.092622 0.07
2 0.712716 0.55875 0.11303 0.08375
2 0.733124 0.495 0.095761 0.07375
2 0.847724 0.48 0.120879 0.0725
2 0.750392 0.63375 0.094192 0.07875
2 0.742543 0.69125 0.10675 0.07125
2 0.806907 0.67375 0.087912 0.07375
2 0.824176 0.61625 0.122449 0.08