2 0.171451 0.521062 0.187742 0.076923
2 0.152056 0.591575 0.232739 0.112179
2 0.242824 0.674908 0.220326 0.113553
2 0.379364 0.703755 0.252133 0.10119
2 0.458495 0.792582 0.21955 0.103022
2 0.593483 0.820513 0.241272 0.159799
2 0.743212 0.72848 0.224205 0.150641
2 0.445306 0.714286 0.158262 0.112637
2 0.352211 0.624542 0.179209 0.111722
2 0.250582 0.549451 0.203258 0.115385
2 0.179984 0.463828 0.254461 0.076007
2 0.245927 0.398352 0.226532 0.099817
2 0.37083 0.378205 0.237393 0.103938
2 0.397983 0.532051 0.201707 0.113553
2 0.501939 0.475275 0.245151 0.112179
2 0.502715 0.607143 0.2436 0.11859
2 0.59038 0.679945 0.22886 0.145147